      0/99     1.42G    0.1018   0.05032   0.02616    0.1783        28       416  0.008997    0.5183  0.005164 0.0007916   0.08547   0.03238    0.0239
      1/99     1.48G   0.08908   0.06057   0.02293    0.1726        31       416  0.008724    0.5026  0.004949 0.0007755   0.07407   0.03578   0.02076
      2/99     1.48G   0.08538   0.06308   0.02006    0.1685        51       416   0.01019    0.8429  0.008893  0.001418   0.07124   0.03682   0.01834
      3/99     1.48G   0.08431   0.06256   0.01784    0.1647        23       416   0.01066    0.8482  0.009519  0.001379   0.07095   0.03696   0.01631
      4/99     1.48G    0.0831   0.05953   0.01595    0.1586        31       416   0.01008     0.822   0.01061  0.001825    0.0703   0.03737   0.01463
      5/99     1.48G   0.08233   0.06264   0.01428    0.1593        23       416   0.01236    0.4346   0.01046  0.001731   0.07032   0.03746   0.01321
      6/99     1.48G   0.08086   0.06075   0.01298    0.1546        31       416   0.01052    0.5026  0.009904  0.001704   0.06994   0.03773   0.01199
      7/99     1.48G   0.08062   0.06453   0.01177    0.1569        46       416    0.0148    0.3246   0.01474  0.002646   0.07008   0.03773   0.01089
      8/99     1.48G   0.08021   0.06527   0.01082    0.1563        51       416   0.01393    0.3037     0.011  0.002039   0.06987   0.03804   0.01011
      9/99     1.48G   0.07916   0.06329   0.01013    0.1526        41       416   0.01332    0.4346   0.01082  0.001671   0.07081   0.03775  0.009397
     10/99     1.48G   0.07875    0.0578  0.009328    0.1459        27       416   0.03651    0.1623   0.01965  0.003395   0.06996   0.03772  0.008705
     11/99     1.48G   0.07899   0.06148   0.00873    0.1492        40       416   0.04086    0.1152   0.01693  0.002847   0.06981   0.03784  0.008043
     12/99     1.48G   0.07943   0.06295   0.00824    0.1506        18       416    0.0354    0.2408   0.02095  0.003569   0.07051   0.03705  0.007624
     13/99     1.48G   0.08074    0.0619  0.007793    0.1504        31       416   0.03359    0.1152   0.01641  0.003035     0.073   0.03562  0.008012
     14/99     1.48G   0.07812   0.06214  0.007168    0.1474        47       416   0.04282    0.1361   0.02745  0.006798   0.07178   0.03638  0.006961
     15/99     1.48G   0.07943   0.06601  0.006942    0.1524        29       416   0.04154   0.09948   0.01955  0.003576   0.06953   0.03765  0.006156
     16/99     1.48G   0.07812   0.06333  0.006406    0.1479        41       416   0.08462    0.1099   0.03442  0.005805   0.06619   0.03863  0.005683
     17/99     1.48G   0.07649   0.06192  0.005905    0.1443        32       416   0.08987    0.2775   0.05128  0.009431   0.06528   0.03846  0.005363
     18/99     1.48G    0.0751   0.06661  0.005601    0.1473        32       416     0.128    0.2042   0.06464    0.0118    0.0657   0.03756  0.005157
     19/99     1.48G   0.07468   0.06288  0.005142    0.1427        34       416    0.1563    0.3182    0.1007   0.02212   0.06173   0.03905  0.004561
     20/99     1.48G   0.07329   0.06356  0.004781    0.1416        40       416    0.1683    0.3338    0.1107    0.0219   0.06066   0.03799  0.004171
     21/99     1.48G    0.0733    0.0649  0.004491    0.1427        40       416    0.1459    0.2723    0.0932   0.02227   0.06378   0.03598  0.004008
     22/99     1.48G   0.07108    0.0617  0.003999    0.1368        35       416      0.25     0.267    0.1689   0.03912   0.06147   0.03564  0.003511
     23/99     1.48G   0.06928   0.06154  0.003665    0.1345        37       416    0.3546    0.2906    0.2327   0.06399   0.06024   0.03475   0.00365
     24/99     1.48G   0.06633   0.06116   0.00323    0.1307        54       416    0.3478     0.445    0.3025   0.08712   0.05373   0.04951  0.001792
     25/99     1.48G    0.0637   0.06267  0.002909    0.1293        48       416    0.3176    0.4712    0.2436   0.07699   0.05484   0.05426  0.001622
     26/99     1.48G   0.06361   0.06129  0.002636    0.1275        41       416    0.3106    0.5916    0.3929    0.1252   0.04966   0.04433  0.001485
     27/99     1.48G   0.06122   0.05818  0.002329    0.1217        33       416    0.5646    0.6178    0.5578    0.2598   0.04941   0.03234  0.002111
     28/99     1.48G   0.06406   0.05838  0.002239    0.1247        47       416    0.4829    0.6844     0.576    0.2212   0.05206   0.03863  0.001203
     29/99     1.48G   0.05905   0.05598  0.001898    0.1169        37       416    0.4719    0.7954    0.6235    0.2753   0.04682   0.03648 0.0009737
     30/99     1.48G    0.0606   0.05167  0.001906    0.1142        26       416    0.5818    0.6264    0.5755    0.2603   0.04563   0.03569 0.0008554
     31/99     1.48G   0.06071   0.05621  0.001732    0.1187        44       416    0.6587    0.7382    0.7362    0.4194   0.04058   0.03629 0.0008918
     32/99     1.48G   0.05636   0.05455  0.001524    0.1124        24       416      0.41    0.2401    0.2045   0.08243   0.07042   0.04625  0.001744
     33/99     1.48G    0.0539   0.05194  0.001451    0.1073        32       416    0.6342    0.5916    0.6431    0.3445   0.04156    0.0383 0.0007109
     34/99     1.48G   0.05431   0.05261  0.001579    0.1085        36       416    0.1296     0.124    0.0442   0.01389   0.07083   0.03427  0.003782
     35/99     1.48G    0.0537   0.05322  0.001514    0.1084        41       416    0.3483    0.1623    0.1684   0.09186   0.05351   0.04278  0.002112
     36/99     1.48G   0.05267   0.04954   0.00133    0.1035        31       416    0.7525    0.7165     0.772    0.3756   0.04365   0.03215 0.0009227
     37/99     1.48G   0.05423   0.05118    0.0013    0.1067        45       416    0.6234    0.7107    0.6377    0.2199   0.05239   0.02663  0.001221
     38/99     1.48G   0.05233   0.04775  0.001286    0.1014        17       416    0.7448    0.8168    0.7994    0.4336   0.03765   0.04044 0.0006548
     39/99     1.48G   0.05108    0.0507  0.001245     0.103        45       416    0.7327    0.4607    0.5592    0.3133   0.05082   0.05072 0.0008228
     40/99     1.48G   0.04582   0.04599  0.001142   0.09296        37       416    0.6171    0.6752    0.6712    0.4071   0.03823   0.02668  0.001025
     41/99     1.48G   0.04618   0.04794   0.00118    0.0953        36       416    0.8017    0.7644    0.8206    0.5463   0.03642   0.03645 0.0006278
     42/99     1.48G   0.04649   0.04658  0.001089   0.09416        50       416    0.8398    0.9058    0.8927    0.5679   0.03155   0.03315 0.0006755
     43/99     1.48G   0.04553   0.04732  0.001094   0.09394        36       416     0.772    0.8953    0.8615    0.4494   0.03617   0.02725 0.0006027
     44/99     1.48G   0.05181   0.04647  0.001306   0.09959        41       416     0.738    0.8113    0.7854     0.373   0.04086   0.02366 0.0006766
     45/99     1.48G   0.04793   0.04576  0.001193   0.09489        36       416    0.7175    0.8376    0.8097    0.4301    0.0339   0.03495 0.0006708
     46/99     1.48G   0.04294   0.04603  0.001077   0.09005        44       416    0.7314    0.8586    0.7989    0.5516   0.03129   0.04704 0.0006059
     47/99     1.48G    0.0441   0.04384  0.001064     0.089        24       416    0.6919    0.8582    0.8058    0.5634    0.0302   0.02908 0.0006811
     48/99     1.48G   0.04237   0.04258  0.001104   0.08605        34       416    0.6856    0.8219    0.7543    0.4782   0.03645   0.03066 0.0007767
     49/99     1.48G   0.04169   0.04362  0.001112   0.08642        53       416    0.7866    0.8687    0.8538    0.5023   0.03226   0.02179 0.0008854
     50/99     1.48G   0.04505   0.04576   0.00117   0.09198        55       416    0.9237    0.8325    0.9147    0.6768   0.02611   0.02158  0.000739
     51/99     1.48G   0.03854    0.0429   0.00112   0.08256        29       416    0.8613    0.8796    0.9084    0.6384   0.02452   0.02053 0.0007513
     52/99     1.48G   0.03956   0.04165  0.001083   0.08229        44       416    0.7885    0.7906     0.834    0.5227   0.03147   0.02472 0.0007236
     53/99     1.48G   0.03845   0.04244  0.001044   0.08193        41       416    0.8233    0.8047    0.8714    0.6382   0.02631   0.04943 0.0006593
     54/99     1.48G   0.04108   0.04286  0.001124   0.08506        47       416    0.8454    0.8639    0.8871    0.6683   0.02337   0.03288 0.0007294
     55/99     1.48G   0.03558   0.04136  0.001181   0.07813        43       416    0.9303     0.911    0.9466    0.7351   0.02336   0.02711 0.0007424
     56/99     1.48G    0.0347   0.03945  0.001131   0.07528        24       416    0.8532    0.8848    0.9105    0.6463   0.02597   0.02297 0.0007271
     57/99     1.48G   0.03566   0.03928 0.0009272   0.07587        24       416    0.8947    0.8897    0.9205    0.7064   0.02275   0.02622 0.0006992
     58/99     1.48G    0.0353   0.03955 0.0009611   0.07581        34       416     0.901    0.9528    0.9571    0.7183   0.02257   0.01948 0.0007203
     59/99     1.48G   0.03265    0.0374 0.0009536     0.071        39       416    0.8653    0.9476    0.9326    0.7386   0.02182   0.02538 0.0006398
     60/99     1.48G   0.03116   0.03884 0.0009286   0.07092        28       416    0.8204    0.8372    0.8762    0.6321   0.02581   0.03433 0.0005689
     61/99     1.48G   0.03057    0.0378  0.001013   0.06938        30       416    0.8882    0.8734    0.9362    0.7011   0.02144   0.01883 0.0007172
     62/99     1.48G   0.02977   0.03801 0.0008493   0.06863        48       416    0.8724    0.8948    0.9073     0.727   0.01987   0.03029 0.0006202
     63/99     1.48G   0.03098   0.03526 0.0008656    0.0671        30       416    0.8661    0.9162    0.9315    0.7119   0.02116   0.03194 0.0006069
     64/99     1.48G   0.03374   0.04005 0.0008978   0.07469        56       416    0.9072    0.9213    0.9355    0.7046   0.02315   0.01708 0.0006759
     65/99     1.48G   0.03056   0.03477 0.0009254   0.06626        37       416    0.9037    0.8843    0.9155    0.6928   0.02303   0.01987  0.000698
     66/99     1.48G   0.02955    0.0359 0.0008097   0.06626        45       416    0.8868     0.911    0.9391    0.7296   0.01989   0.02546 0.0005787
     67/99     1.48G   0.02838   0.03604 0.0008418   0.06526        44       416    0.9624     0.937    0.9676    0.7857   0.01891    0.0183 0.0005723
     68/99     1.48G   0.02835   0.03486 0.0008239   0.06403        32       416    0.8654    0.9423    0.9348    0.7349   0.02083   0.02278 0.0005167
     69/99     1.48G   0.02592   0.03172 0.0007563    0.0584        24       416    0.7789    0.8691    0.8285     0.639   0.02247   0.02054 0.0007102
     70/99     1.48G   0.02638   0.03539 0.0007571   0.06252        39       416     0.901    0.9054    0.9542    0.7919   0.01741   0.01742 0.0005188
     71/99     1.48G   0.02688   0.03552 0.0008076    0.0632        35       416    0.9418    0.9317    0.9729    0.7814   0.01837   0.01648  0.000512
     72/99     1.48G   0.02572   0.03661 0.0008035   0.06313        62       416    0.9296    0.9685    0.9695    0.8104     0.017   0.01432 0.0005636
     73/99     1.48G    0.0257   0.03509 0.0008535   0.06165        52       416     0.933    0.9476      0.97    0.7795   0.01691    0.0151   0.00051
     74/99     1.48G   0.02607   0.03382 0.0006898   0.06058        34       416    0.9583    0.9634    0.9721    0.8299   0.01539   0.01604 0.0005261
     75/99     1.48G   0.02694   0.03357 0.0006467   0.06116        33       416    0.9418    0.9319    0.9675    0.8091   0.01808   0.01422 0.0005223
     76/99     1.48G   0.02936   0.03609 0.0006944   0.06614        38       416    0.9224    0.9424    0.9628     0.798   0.01759   0.01517 0.0005757
     77/99     1.48G   0.02502   0.03382  0.000701   0.05954        33       416    0.8883    0.9162    0.9337    0.7974   0.01618   0.01808 0.0004841
     78/99     1.48G    0.0257   0.03509 0.0007702   0.06156        39       416    0.9333    0.9528    0.9721    0.8301   0.01547   0.01447  0.000496
     79/99     1.48G   0.02349   0.03345 0.0007155   0.05766        47       416    0.9482     0.958    0.9644    0.8201   0.01604   0.01544 0.0004601
     80/99     1.48G   0.02431   0.03245 0.0006488   0.05741        40       416    0.9574    0.9424    0.9524    0.8006   0.01605   0.01544 0.0004754
     81/99     1.48G   0.02315   0.03193 0.0006745   0.05575        30       416    0.8867    0.9423    0.9497    0.8221   0.01494   0.02975 0.0004416
     82/99     1.48G   0.02456   0.03212  0.000806   0.05748        40       416     0.855    0.9259    0.9404    0.8015   0.01648   0.02466 0.0004867
     83/99     1.48G   0.02313   0.03255 0.0006915   0.05637        52       416    0.9513    0.9214    0.9733    0.8356   0.01405   0.01474 0.0004189
     84/99     1.48G   0.02341   0.03084 0.0006014   0.05486        43       416      0.94    0.9058    0.9702    0.8276   0.01418   0.01401 0.0004557
     85/99     1.48G   0.02512   0.03152 0.0006102   0.05725        33       416    0.9285    0.8156    0.9183    0.7669   0.01766    0.0184  0.000492
     86/99     1.48G   0.02183   0.03263 0.0005825   0.05504        35       416    0.9049    0.9476     0.968    0.8361   0.01352   0.01489 0.0004073
     87/99     1.48G   0.02191   0.03031 0.0005611   0.05279        39       416    0.9484    0.9634    0.9777    0.8589   0.01341   0.01314 0.0004312
     88/99     1.48G   0.02188   0.03074 0.0005561   0.05317        54       416    0.8373     0.916    0.9251    0.7996    0.0148   0.01751 0.0004755
     89/99     1.48G   0.02302   0.03193 0.0006031   0.05555        40       416    0.9146    0.9529    0.9622    0.8343   0.01365     0.014  0.000406
     90/99     1.48G   0.02237   0.03127 0.0006073   0.05425        38       416    0.9421    0.9371    0.9682    0.8421   0.01331   0.01357 0.0004381
     91/99     1.48G   0.02283   0.03282 0.0005704   0.05622        42       416     0.902    0.9162    0.9573    0.8184     0.014   0.01507  0.000442
     92/99     1.48G   0.02191   0.03152 0.0005487   0.05398        30       416    0.9282    0.9474    0.9603    0.8364   0.01416    0.0159 0.0004132
     93/99     1.48G   0.02198   0.03047 0.0005955   0.05304        48       416    0.9424    0.9423    0.9654    0.8472   0.01453   0.01474 0.0004416
     94/99     1.48G   0.02087   0.02776 0.0005638    0.0492        28       416    0.9346    0.9738    0.9732    0.8489   0.01298    0.0131 0.0003939
     95/99     1.48G   0.02145   0.02992 0.0005532   0.05191        56       416    0.9337     0.958    0.9629    0.8411   0.01353   0.01344  0.000372
     96/99     1.48G   0.02094   0.02925  0.000492   0.05069        36       416    0.9391    0.9686    0.9621    0.8318   0.01281   0.01359 0.0003678
     97/99     1.48G   0.02003   0.02994 0.0005079   0.05048        32       416    0.9091    0.9423     0.956     0.836   0.01396   0.01378 0.0003702
     98/99     1.48G   0.01972   0.02792 0.0004751   0.04812        27       416    0.9204    0.9686    0.9764    0.8398   0.01382   0.01305 0.0004016
     99/99     1.48G   0.02076   0.02868 0.0006175   0.05005        44       416    0.9519    0.9319    0.9643    0.8374   0.01333   0.01481  0.000393
