    0/2999     1.42G    0.1023   0.04993   0.02624    0.1785        28       416  0.008997    0.5183  0.005996 0.0009037   0.08628   0.03219   0.02407
    1/2999     1.48G   0.08953   0.06034   0.02307    0.1729        31       416  0.008633    0.4974  0.005048 0.0008165   0.07448   0.03564    0.0209
    2/2999     1.48G   0.08543    0.0631   0.02019    0.1687        51       416   0.01017    0.8377  0.008892  0.001467   0.07121   0.03683   0.01833
    3/2999     1.48G   0.08405   0.06266   0.01781    0.1645        23       416   0.01023    0.8534  0.009275  0.001444    0.0711   0.03691   0.01629
    4/2999     1.48G   0.08321   0.05948   0.01594    0.1586        31       416   0.01007     0.822   0.01001  0.001657   0.07031   0.03735   0.01459
    5/2999     1.48G    0.0824   0.06262   0.01427    0.1593        23       416   0.01005     0.822  0.009451   0.00156    0.0703   0.03743   0.01318
    6/2999     1.48G   0.08111   0.06061   0.01297    0.1547        31       416   0.01338    0.1728  0.009835  0.001708   0.06984   0.03784   0.01195
    7/2999     1.48G    0.0809   0.06432   0.01177     0.157        46       416   0.01073    0.4084  0.009148  0.001502   0.06969   0.03786    0.0109
    8/2999     1.48G   0.08027   0.06522    0.0108    0.1563        51       416   0.01548   0.09948    0.0106  0.001723   0.06959   0.03793  0.009957
    9/2999     1.48G   0.07955   0.06312   0.01015    0.1528        41       416   0.03126     0.199   0.01499  0.002594   0.07081   0.03656  0.009368
   10/2999     1.48G   0.07896   0.05771  0.009357     0.146        27       416   0.02821   0.06283   0.01312  0.002247   0.07005   0.03764  0.008618
   11/2999     1.48G   0.07926   0.06141  0.008739    0.1494        40       416   0.04139    0.1361    0.0169  0.002939   0.07222   0.03579  0.008344
   12/2999     1.48G   0.07973   0.06285  0.008236    0.1508        18       416   0.03262   0.05236   0.01246   0.00214   0.06968   0.03792  0.007606
   13/2999     1.48G   0.08098   0.06197  0.007827    0.1508        31       416   0.04063   0.09424   0.02187  0.003644   0.07022   0.03664  0.007095
   14/2999     1.48G    0.0786   0.06208  0.007198    0.1479        47       416   0.04053   0.09948   0.02019  0.003684    0.0699   0.03741  0.006635
   15/2999     1.48G    0.0797   0.06607  0.006949    0.1527        29       416   0.05553    0.1204   0.02437   0.00381   0.07446   0.03469  0.006394
   16/2999     1.48G   0.07861   0.06332  0.006456    0.1484        41       416   0.07163    0.1623   0.03787  0.006508   0.06788   0.03709  0.005849
   17/2999     1.48G   0.07691   0.06213  0.005965     0.145        32       416   0.08685    0.2723   0.04917   0.01047    0.0651   0.03885   0.00536
   18/2999     1.48G   0.07567   0.06688  0.005705    0.1483        32       416    0.1824    0.2618   0.09973   0.02302   0.06421   0.03842  0.005009
   19/2999     1.48G   0.07533   0.06303  0.005212    0.1436        34       416    0.2347    0.2199    0.1261   0.02678   0.06104   0.03951  0.004513
   20/2999     1.48G   0.07383   0.06378  0.004836    0.1424        40       416    0.3526    0.2199    0.1601   0.04385   0.05936   0.03962  0.004031
   21/2999     1.48G   0.07396   0.06511  0.004513    0.1436        40       416    0.1544    0.3037    0.1034   0.02432   0.06333   0.04124  0.003498
   22/2999     1.48G   0.07116   0.06214  0.004019    0.1373        35       416    0.2392    0.3441    0.1641   0.03941   0.05892   0.03625  0.003517
   23/2999     1.48G   0.06964    0.0619  0.003695    0.1352        37       416     0.463    0.3656    0.3149   0.08907   0.05434    0.0389  0.002627
   24/2999     1.48G   0.06607   0.06185   0.00322    0.1311        54       416    0.5429    0.4291    0.3786    0.1451   0.04981   0.03852  0.002165
   25/2999     1.48G   0.06396   0.06347   0.00295    0.1304        48       416    0.4418    0.2565    0.2385   0.07388   0.06081   0.03885  0.002469
   26/2999     1.48G   0.06331   0.06156  0.002595    0.1275        41       416    0.5984    0.5864    0.5434    0.2346   0.04923   0.03475  0.001959
   27/2999     1.48G   0.06039   0.05857  0.002307    0.1213        33       416    0.3965    0.5079    0.4031    0.1829   0.04858   0.04512  0.001431
   28/2999     1.48G    0.0645   0.05935  0.002265    0.1261        47       416    0.5041    0.6492     0.616    0.2734   0.04535   0.03617  0.001209
   29/2999     1.48G   0.05987   0.05648  0.001918    0.1183        37       416    0.5679    0.6545     0.599      0.27   0.04447   0.03248  0.001208
   30/2999     1.48G   0.05822   0.05322  0.001873    0.1133        26       416     0.555    0.5747    0.6105    0.3006   0.04459   0.04267 0.0007551
   31/2999     1.48G   0.05916   0.05687  0.001677    0.1177        44       416    0.6415     0.733    0.7285    0.3146   0.04709   0.04076 0.0007083
   32/2999     1.48G   0.05675   0.05451  0.001466    0.1127        24       416    0.5439    0.6021    0.5783    0.2502   0.04474   0.03534 0.0006706
   33/2999     1.48G   0.05721   0.05198  0.001451    0.1106        32       416    0.4718    0.7016    0.5236    0.2788   0.04309   0.03041  0.001233
   34/2999     1.48G   0.05514   0.05233  0.001555     0.109        36       416    0.7613    0.5176    0.6244    0.2682   0.04648   0.04369 0.0008549
   35/2999     1.48G   0.05145   0.05142  0.001405    0.1043        41       416    0.7345    0.6951    0.7313    0.4158   0.03999   0.03948 0.0007505
   36/2999     1.48G   0.05015   0.04857  0.001277       0.1        31       416    0.6743    0.8691    0.7744    0.3896    0.0413   0.02872  0.000771
   37/2999     1.48G   0.05215   0.05088  0.001239    0.1043        45       416    0.6697    0.6806    0.6672    0.3579   0.04196   0.04685 0.0007124
   38/2999     1.48G   0.05146   0.04831  0.001349    0.1011        17       416     0.657    0.7382    0.7069     0.388   0.03691   0.02908 0.0008035
   39/2999     1.48G   0.04891   0.05067  0.001244    0.1008        45       416    0.7064     0.623    0.6134    0.3707   0.04347   0.04816 0.0007842
   40/2999     1.48G   0.04836   0.04548  0.001191   0.09503        37       416    0.5583    0.3613    0.3722    0.1573   0.06447   0.03721  0.001197
   41/2999     1.48G   0.04795     0.048  0.001232   0.09719        36       416    0.7817    0.7688    0.8026    0.5311   0.03236   0.02542 0.0007374
   42/2999     1.48G   0.04606   0.04664  0.001134   0.09383        50       416     0.755    0.8901    0.8055    0.5109   0.03362   0.03845 0.0007027
   43/2999     1.48G   0.04515   0.04759  0.001183   0.09392        36       416    0.6366    0.7435    0.6241    0.3914   0.03267   0.02619  0.001045
   44/2999     1.48G   0.05228   0.04619  0.001388   0.09985        41       416    0.6841    0.7487    0.7329    0.3679   0.03892   0.02484 0.0008608
   45/2999     1.48G   0.05008   0.04484  0.001288   0.09621        36       416    0.7065    0.8586    0.7701    0.5115   0.03558    0.0298 0.0008113
   46/2999     1.48G   0.04705   0.04527  0.001214   0.09353        44       416    0.8416    0.8639    0.9054    0.5862   0.03146   0.03552 0.0008629
   47/2999     1.48G   0.04367    0.0445  0.001183   0.08935        24       416    0.8332    0.7749    0.8561    0.5446   0.03479   0.02226 0.0008907
   48/2999     1.48G   0.04417    0.0428  0.001211   0.08818        34       416    0.8822    0.8629    0.8658    0.5664   0.03511   0.02426  0.000816
   49/2999     1.48G   0.04267   0.04388  0.001228   0.08777        53       416    0.8069    0.7221    0.7855     0.546   0.03127   0.03027 0.0008359
   50/2999     1.48G     0.046   0.04573  0.001274   0.09301        55       416    0.8756    0.8429     0.901    0.6297   0.03027   0.04518 0.0008091
   51/2999     1.48G   0.04119    0.0429  0.001249   0.08534        29       416    0.8306    0.8482    0.8603    0.6016    0.0279   0.02903 0.0007725
   52/2999     1.48G   0.04043   0.04071  0.001203   0.08235        44       416    0.7418    0.8743    0.7637    0.3632   0.03828   0.02477 0.0009176
   53/2999     1.48G   0.03981   0.04373    0.0012   0.08475        41       416    0.5982    0.9162    0.6919    0.4539   0.02791   0.03178 0.0008939
   54/2999     1.48G   0.04161   0.04349  0.001284   0.08638        47       416    0.8322    0.7531     0.808    0.5964   0.02652   0.03927 0.0008992
   55/2999     1.48G   0.03692   0.04086  0.001275   0.07906        43       416    0.7493    0.8452    0.8269     0.507   0.03007   0.04768 0.0008373
   56/2999     1.48G   0.03606   0.04203  0.001313   0.07941        24       416    0.8439    0.7435    0.8241    0.5838   0.03578   0.02362  0.001152
   57/2999     1.48G   0.03415    0.0414  0.001038   0.07658        24       416    0.7547    0.8376    0.8155    0.6158   0.02555   0.03608  0.000749
   58/2999     1.48G   0.03534   0.03991  0.001049    0.0763        34       416    0.8811    0.8533    0.8946     0.682   0.02415    0.0267 0.0008268
   59/2999     1.48G   0.03444   0.03807  0.001065   0.07357        39       416    0.9267    0.9372    0.9591    0.7528   0.02105   0.02115 0.0007018
   60/2999     1.48G     0.036   0.03922  0.001036   0.07625        28       416    0.9054     0.911    0.9368    0.7011   0.02451    0.0271 0.0007399
   61/2999     1.48G   0.03399   0.03834  0.001111   0.07344        30       416    0.8724    0.6799     0.772    0.5642   0.03136   0.02402  0.001043
   62/2999     1.48G    0.0345    0.0382 0.0009762   0.07367        48       416    0.8906    0.8948    0.9129    0.7379    0.0217    0.0224 0.0008015
   63/2999     1.48G   0.03162   0.03568 0.0009776   0.06827        30       416    0.8812    0.9319     0.957    0.7605   0.01972   0.01856 0.0007247
   64/2999     1.48G   0.03503   0.03949 0.0009676   0.07548        56       416    0.8969     0.911    0.9393    0.6867   0.02414   0.02222 0.0007636
   65/2999     1.48G   0.03175   0.03552  0.001046   0.06831        37       416    0.8097    0.6702    0.7459    0.5556   0.03133   0.02476  0.001142
   66/2999     1.48G   0.03333   0.03622 0.0009863   0.07053        45       416     0.759    0.8953    0.8145    0.6327   0.02005   0.03497 0.0007351
   67/2999     1.48G   0.03203   0.03588 0.0009757   0.06889        44       416    0.7048       0.9    0.7925    0.6275   0.02107   0.03685 0.0006955
   68/2999     1.48G   0.03041   0.03475 0.0009405    0.0661        32       416    0.9031    0.8325    0.9046    0.6767   0.02245    0.0183 0.0007602
